[[{'weights': 
[0.19017372919996323, 0.3717928516281348, 0.5832150246277095, 0.31183554962957266, 0.9883846030696833, 0.3162336496570934, 0.3519921595766075, 0.7037968103789191, 0.810140208641664], 'output': 0.6286838362588665, 'errors': 4.349773378587635e-07}, 

{'weights': 
[0.7814736793154027, 0.7398083643699513, 0.39938137613397523, 0.15549042352598155, 0.3162444999671635, 0.0214441943464238, 0.1869136581612576, 0.4705311501677266, 0.3932505983611078], 'output': 0.660333926899693, 'errors': -2.687172489211822e-07}, 

{'weights': 
[0.6783303476706901, 0.25327170418215594, 0.41682902896706137, 0.6350974559292334, 0.2689067699713327, 0.5782400658813115, 0.378268034230233, 0.9144653920039546, -0.30175781746253505], 'output': 0.6104044024893206, 'errors': 3.6485613361310463e-07}, 

{'weights': 
[0.9848823722696104, 0.22934763948363904, 0.8655576888488576, 0.5298792821168605, 0.2502427348275699, 0.870996999785795, 0.04175007883588307, 0.06458452858187452, 0.37848450618116175], 'output': 0.6523965270102208, 'errors': 1.0119635942994918e-07}, 

{'weights': 
[0.38508761050943, 0.3278624393471438, 0.6671905228474058, 0.5723590790227046, 0.18063466726428976, 0.9501227480651687, 0.9357174547437959, 0.18133560014165506, 0.09057467795894582], 'output': 0.6372659504687584, 'errors': 2.84441717665887e-07}, 

{'weights': 
[0.8779296645940713, 0.5042782885716424, 0.201503121694844, 0.18578286430291555, 0.07026867618157788, 0.8006523131740522, 0.2790354877187269, 0.8598218966048441, -0.7743780854534255], 'output': 0.6104359669530699, 'errors': -4.495733206375718e-07}, 

{'weights': 
[0.9429398688206974, 0.534493407794342, 0.050830024763897697, 0.23601567172918514, 0.9086675545037339, 0.9575887992676895, 0.8426299055374744, 0.28058884719897703, -0.5926926691652021], 'output': 0.647691039494711, 'errors': -1.9886211240499915e-07}, 

{'weights': 
[0.1251609112573046, 0.2336311870538595, 0.025055957968483665, 0.6046747597131132, 0.4128292998151879, 0.7676578985930826, 0.0790760217602198, 0.6928223014515852, -1.4512677714241269], 'output': 0.47100520373312843, 'errors': -1.2018093733447465e-06}, 

{'weights': 
[0.5971708155197788, 0.5972153628585424, 0.2389226781635902, 0.0587265355714047, 0.8053708040158669, 0.18348693589433265, 0.1714231407495804, 0.05295029136633403, -0.13065015566570085], 'output': 0.6012551062602415, 'errors': 3.7646724260890126e-07}, 

{'weights': 
[0.7551089852075195, 0.7170026376470192, 0.1792172472194257, 0.34479656683222965, 0.5600293301036678, 0.37251358119493083, 0.37849242273953226, 0.35075823475366585, 0.00854698452362101], 'output': 0.646024298799347, 'errors': -3.9573291174529226e-07}, 

{'weights': 
[0.37211598726396355, 0.7127828494114916, 0.44195061553197157, 0.08180053614990568, 0.2815974108336067, 0.561992893227593, 0.06675441892513793, 0.9406873664911221, 0.2985681542435227], 'output': 0.6267687926980083, 'errors': -5.3463798353752435e-08}, 

{'weights': 
[0.044534725942635946, 0.48900815450220453, 0.5791016807847365, 0.6779101109363094, 0.9349939154774786, 0.9836316705615169, 0.05719737784587934, 0.02367910350928445, 0.43037350193392104], 'output': 0.5859367314287826, 'errors': 1.1350964174831651e-07}, 

{'weights': 
[0.2834325961160382, 0.8426510033783989, 0.5926069849839786, 0.5447709390685369, 0.3019387960849223, 0.11337958755736287, 0.19588137337739636, 0.10054729021971705, -0.7658887345078932], 'output': 0.5613264074158881, 'errors': -1.5920871130091535e-07}, 

{'weights': 
[0.42650863319873455, 0.9323551855944687, 0.3055671777819136, 0.519336003720422, 0.857267035244499, 0.621810885092136, 0.759217858266756, 0.5467131952762698, 5.397921400227729], 'output': 0.8658392212806025, 'errors': 6.27501394256411e-06}], 


[{'weights': [
[0.1943876288714739, -0.22877280679504042], 
[0.6133573331218678, 0.17966343656241676], 
[0.1679945848401774, -0.25429212366381054], 
[0.3418111912522342, -0.10897912689637143], 
[0.13987329869485335, -0.29727646434958754], 
[0.9046158826038261, 0.4758173773928197], 
[0.7747181571421834, 0.32847209132850286], 
[1.0236145180805618, 0.6714215716282574], 
[0.23634892182303388, -0.16517333062184306], 
[0.7757652675232334, 0.33850675903799715], 
[0.45959512883010667, 0.039710070037293176], 
[0.34200192982618954, -0.07370695641971939], 
[0.5301807225479434, 0.13389083931805826], 
[1.4983528941466602, -7.139422513436495]], 'output': 0.9945391779169764, 'errors': -1.1423656392348494e-05}, 

{'weights': [
[-0.02118107600753432, 0.39840388404112964], 
[-0.11566078957251882, 0.325521763613254], 
[0.2788737445611989, 0.7010143619070711], 
[0.10784529922294439, 0.5595274205309873], 
[-0.046164911592546064, 0.3912088290081834], 
[0.5534902066361996, 0.9940043530882613], 
[0.08764781073734668, 0.5435686928229198], 
[0.43041842679671743, 0.7878990163767887], 
[0.3462288092470595, 0.7549085104377506], 
[0.12174586701285835, 0.568154218178993], 
[-0.3301992826179768, 0.09709490453493959], 
[-0.020500858614402366, 0.3958964432155505], 
[0.377635798698776, 0.7797990368869251], 
[-7.846805398541157, 0.9037381604265927]], 'output': 0.0030322866726129314, 'errors': 6.94490277440302e-07}]]


[[{'weights': 
[0.19017372919996323, 0.3717928516281348, 0.5832150246277095, 0.31183554962957266, 0.9883846030696833, 0.3162336496570934, 0.3519921595766075, 0.7037968103789191, 0.810140208641664], 'output': 0.7501100833035548, 'errors': 4.349773378587635e-07}, 

{'weights': 
[0.7814736793154027, 0.7398083643699513, 0.39938137613397523, 0.15549042352598155, 0.3162444999671635, 0.0214441943464238, 0.1869136581612576, 0.4705311501677266, 0.3932505983611078], 'output': 0.7086113779776544, 'errors': -2.687172489211822e-07}, 

{'weights': 
[0.6783303476706901, 0.25327170418215594, 0.41682902896706137, 0.6350974559292334, 0.2689067699713327, 0.5782400658813115, 0.378268034230233, 0.9144653920039546, -0.30175781746253505], 'output': 0.7117662665513765, 'errors': 3.6485613361310463e-07}, 

{'weights': 
[0.9848823722696104, 0.22934763948363904, 0.8655576888488576, 0.5298792821168605, 0.2502427348275699, 0.870996999785795, 0.04175007883588307, 0.06458452858187452, 0.37848450618116175], 'output': 0.7183634717679034, 'errors': 1.0119635942994918e-07}, 

{'weights': 
[0.38508761050943, 0.3278624393471438, 0.6671905228474058, 0.5723590790227046, 0.18063466726428976, 0.9501227480651687, 0.9357174547437959, 0.18133560014165506, 0.09057467795894582], 'output': 0.7537543909290342, 'errors': 2.84441717665887e-07}, 

{'weights': 
[0.8779296645940713, 0.5042782885716424, 0.201503121694844, 0.18578286430291555, 0.07026867618157788, 0.8006523131740522, 0.2790354877187269, 0.8598218966048441, -0.7743780854534255], 'output': 0.6506520094490827, 'errors': -4.495733206375718e-07}, 

{'weights': 
[0.9429398688206974, 0.534493407794342, 0.050830024763897697, 0.23601567172918514, 0.9086675545037339, 0.9575887992676895, 0.8426299055374744, 0.28058884719897703, -0.5926926691652021], 'output': 0.7175467872820201, 'errors': -1.9886211240499915e-07}, 

{'weights': 
[0.1251609112573046, 0.2336311870538595, 0.025055957968483665, 0.6046747597131132, 0.4128292998151879, 0.7676578985930826, 0.0790760217602198, 0.6928223014515852, -1.4512677714241269], 'output': 0.51422585909815, 'errors': -1.2018093733447465e-06}, 

{'weights': 
[0.5971708155197788, 0.5972153628585424, 0.2389226781635902, 0.0587265355714047, 0.8053708040158669, 0.18348693589433265, 0.1714231407495804, 0.05295029136633403, -0.13065015566570085], 'output': 0.6302813248374948, 'errors': 3.7646724260890126e-07}, 

{'weights': 
[0.7551089852075195, 0.7170026376470192, 0.1792172472194257, 0.34479656683222965, 0.5600293301036678, 0.37251358119493083, 0.37849242273953226, 0.35075823475366585, 0.00854698452362101], 'output': 0.7000431106306407, 'errors': -3.9573291174529226e-07}, 

{'weights': 
[0.37211598726396355, 0.7127828494114916, 0.44195061553197157, 0.08180053614990568, 0.2815974108336067, 0.561992893227593, 0.06675441892513793, 0.9406873664911221, 0.2985681542435227], 'output': 0.6882406432133226, 'errors': -5.3463798353752435e-08}, 

{'weights': 
[0.044534725942635946, 0.48900815450220453, 0.5791016807847365, 0.6779101109363094, 0.9349939154774786, 0.9836316705615169, 0.05719737784587934, 0.02367910350928445, 0.43037350193392104], 'output': 0.6720323733244637, 'errors': 1.1350964174831651e-07}, 

{'weights': 
[0.2834325961160382, 0.8426510033783989, 0.5926069849839786, 0.5447709390685369, 0.3019387960849223, 0.11337958755736287, 0.19588137337739636, 0.10054729021971705, -0.7658887345078932], 'output': 0.6077504517663597, 'errors': -1.5920871130091535e-07}, 

{'weights': 
[0.42650863319873455, 0.9323551855944687, 0.3055671777819136, 0.519336003720422, 0.857267035244499, 0.621810885092136, 0.759217858266756, 0.5467131952762698, 5.397921400227729], 'output': 0.9424775209687796, 'errors': 6.27501394256411e-06}], 


[{'weights': [
[0.1943876288714739, -0.22877280679504042], 
[0.6133573331218678, 0.17966343656241676], 
[0.1679945848401774, -0.25429212366381054], 
[0.3418111912522342, -0.10897912689637143], 
[0.13987329869485335, -0.29727646434958754], 
[0.9046158826038261, 0.4758173773928197], 
[0.7747181571421834, 0.32847209132850286], 
[1.0236145180805618, 0.6714215716282574], 
[0.23634892182303388, -0.16517333062184306], 
[0.7757652675232334, 0.33850675903799715], 
[0.45959512883010667, 0.039710070037293176], 
[0.34200192982618954, -0.07370695641971939], 
[0.5301807225479434, 0.13389083931805826], 
[1.4983528941466602, -7.139422513436495]], 'output': 0.9966465711182527, 'errors': -1.1423656392348494e-05}, 

{'weights': [
[-0.02118107600753432, 0.39840388404112964], 
[-0.11566078957251882, 0.325521763613254], 
[0.2788737445611989, 0.7010143619070711], 
[0.10784529922294439, 0.5595274205309873], 
[-0.046164911592546064, 0.3912088290081834], 
[0.5534902066361996, 0.9940043530882613], 
[0.08764781073734668, 0.5435686928229198], 
[0.43041842679671743, 0.7878990163767887], 
[0.3462288092470595, 0.7549085104377506], 
[0.12174586701285835, 0.568154218178993], 
[-0.3301992826179768, 0.09709490453493959], 
[-0.020500858614402366, 0.3958964432155505], 
[0.377635798698776, 0.7797990368869251], 
[-7.846805398541157, 0.9037381604265927]], 'output': 0.0018041864131568663, 'errors': 6.94490277440302e-07}]]